{
  "advancedEditorSelectedIdentifier" : "ProjectBrowser",
  "openSceneRelativePaths" : [
    "Sun.usda"
  ],
  "recentIdentifiers" : {
    "26DBAE76-5DD8-47B6-A085-1B4ADA111097" : [

    ],
    "6B4BA619-EB41-43C6-BDA4-1C8DC775F9D8" : [

    ]
  },
  "sceneCameraHistory" : {
    "26DBAE76-5DD8-47B6-A085-1B4ADA111097" : [
      {
        "date" : 768689852.106463,
        "title" : "Untitled",
        "transform" : [
          -0.53497046,
          -5.1636357e-09,
          0.8448707,
          0,
          0.47200367,
          0.8293903,
          0.29887173,
          0,
          -0.7007275,
          0.55866975,
          -0.44369933,
          0,
          -0.14338897,
          0.10606895,
          -0.09155154,
          1
        ]
      },
      {
        "date" : 768689848.023078,
        "title" : "Untitled",
        "transform" : [
          -0.9077312,
          -5.22693e-09,
          -0.41955224,
          0,
          -0.23121665,
          0.83443695,
          0.5002538,
          0,
          0.3500899,
          0.55110353,
          -0.7574444,
          0,
          0.072754875,
          0.104515396,
          -0.15467858,
          1
        ]
      },
      {
        "date" : 768689845.939235,
        "title" : "Untitled",
        "transform" : [
          -0.81430334,
          -5.22693e-09,
          0.5804395,
          0,
          0.31988224,
          0.83443695,
          0.44876537,
          0,
          -0.4843401,
          0.55110353,
          -0.6794848,
          0,
          -0.098629266,
          0.104515396,
          -0.13965324,
          1
        ]
      },
      {
        "date" : 768689844.240057,
        "title" : "Untitled",
        "transform" : [
          -0.029088268,
          2.5077433e-09,
          0.9995768,
          0,
          0.6770712,
          0.7356537,
          0.01970313,
          0,
          -0.7353423,
          0.677358,
          -0.021398991,
          0,
          -0.15229958,
          0.13054375,
          -0.005010711,
          1
        ]
      },
      {
        "date" : 768689367.243653,
        "title" : "Untitled",
        "transform" : [
          -0.029088268,
          2.5077433e-09,
          0.9995768,
          0,
          0.6770713,
          0.73565376,
          0.019703131,
          0,
          -0.7353423,
          0.677358,
          -0.021398991,
          0,
          -0.3733866,
          0.32004872,
          -0.0128652165,
          1
        ]
      },
      {
        "date" : 768689365.682468,
        "title" : "Untitled",
        "transform" : [
          -0.025033988,
          2.009279e-09,
          0.99968654,
          0,
          0.43821582,
          0.8988029,
          0.01097369,
          0,
          -0.89852095,
          0.43835333,
          -0.022500714,
          0,
          -0.44941124,
          0.19966926,
          -0.013253267,
          1
        ]
      },
      {
        "date" : 768689291.660201,
        "title" : "Untitled",
        "transform" : [
          0.87775767,
          1.8472495e-09,
          0.47910473,
          0,
          0.18193303,
          0.9250952,
          -0.33331576,
          0,
          -0.4432175,
          0.37973562,
          0.8120092,
          0,
          -0.22321463,
          0.17038712,
          0.40434074,
          1
        ]
      },
      {
        "date" : 768688688.831992,
        "title" : "Untitled",
        "transform" : [
          0.99991393,
          -1.4861675e-09,
          0.013109718,
          0,
          0.010068736,
          0.6404073,
          -0.76796955,
          0,
          -0.008395645,
          0.7680356,
          0.6403521,
          0,
          -0.0065157115,
          0.36647218,
          0.32863912,
          1
        ]
      },
      {
        "date" : 768688687.481595,
        "title" : "Untitled",
        "transform" : [
          0.99900043,
          -1.6592772e-09,
          0.04470031,
          0,
          0.021279203,
          0.87942296,
          -0.4755655,
          0,
          -0.03931056,
          0.47604138,
          0.87854373,
          0,
          -0.021921784,
          0.21857713,
          0.44055814,
          1
        ]
      },
      {
        "date" : 768688271.444117,
        "title" : "Untitled",
        "transform" : [
          0.9919155,
          8.06132e-11,
          -0.12689973,
          0,
          -0.07601384,
          0.8007439,
          -0.5941644,
          0,
          0.10161417,
          0.59900707,
          0.79427016,
          0,
          0.049151435,
          0.280469,
          0.40158352,
          1
        ]
      }
    ],
    "6B4BA619-EB41-43C6-BDA4-1C8DC775F9D8" : [
      {
        "date" : 768778817.909364,
        "title" : "Untitled",
        "transform" : [
          1,
          0,
          0,
          0,
          0,
          0.7071069,
          -0.70710677,
          0,
          0,
          0.70710677,
          0.7071069,
          0,
          0,
          0.58674914,
          0.58674926,
          1
        ]
      }
    ]
  },
  "sceneViewportBackgroundColors" : {

  },
  "selectedSceneRelativePath" : "Sun.usda"
}